10000 0.000031
110000 0.000326
210000 0.000875
310000 0.001322
410000 0.001704
510000 0.002099
610000 0.002477
710000 0.002866
810000 0.003246
910000 0.003689
1010000 0.004362
1110000 0.004515
1210000 0.004798
1310000 0.005233
1410000 0.005877
1510000 0.006241
1610000 0.006657
1710000 0.007047
1810000 0.009859
1910000 0.008011
2010000 0.008196
2110000 0.008313
2210000 0.008654
2310000 0.009027
2410000 0.009400
2510000 0.009829
2610000 0.010205
2710000 0.010569
2810000 0.011019
2910000 0.011310
3010000 0.012472
3110000 0.012161
3210000 0.022059
3310000 0.022496
3410000 0.014262
3510000 0.013730
3610000 0.021208
3710000 0.029039
3810000 0.014853
3910000 0.015195
4010000 0.015589
4110000 0.016028
4210000 0.017029
4310000 0.017100
4410000 0.017148
4510000 0.017557
4610000 0.018651
4710000 0.018383
4810000 0.018734
4910000 0.019152
5010000 0.019510
5110000 0.020857
5210000 0.025898
5310000 0.020670
5410000 0.021011
5510000 0.021391
5610000 0.021821
5710000 0.022195
5810000 0.022553
5910000 0.022970
6010000 0.023375
6110000 0.023741
6210000 0.024144
6310000 0.024562
6410000 0.024928
6510000 0.025279
6610000 0.025701
6710000 0.026082
6810000 0.026400
6910000 0.026857
7010000 0.027172
7110000 0.027628
7210000 0.028000
7310000 0.028520
7410000 0.028833
7510000 0.029132
7610000 0.029550
7710000 0.029918
7810000 0.030292
7910000 0.033691
8010000 0.031095
8110000 0.031621
8210000 0.031922
8310000 0.032268
8410000 0.033538
8510000 0.033010
8610000 0.033434
8710000 0.033801
8810000 0.034191
8910000 0.048963
9010000 0.034967
9110000 0.036802
9210000 0.035778
9310000 0.039535
9410000 0.036562
9510000 0.045715
9610000 0.050051
9710000 0.037667
9810000 0.038030
9910000 0.038408
