10000 0.000036
110000 0.000273
210000 0.000550
310000 0.001176
410000 0.001926
510000 0.002338
610000 0.002517
710000 0.003241
810000 0.003640
910000 0.004051
1010000 0.004432
1110000 0.004836
1210000 0.005170
1310000 0.005691
1410000 0.006102
1510000 0.006482
1610000 0.006911
1710000 0.007298
1810000 0.007715
1910000 0.008112
2010000 0.008524
2110000 0.008934
2210000 0.009322
2310000 0.009739
2410000 0.010145
2510000 0.010541
2610000 0.010939
2710000 0.011359
2810000 0.011744
2910000 0.012173
3010000 0.012592
3110000 0.013006
3210000 0.013487
3310000 0.013805
3410000 0.014217
3510000 0.014612
3610000 0.015002
3710000 0.015419
3810000 0.015817
3910000 0.016221
4010000 0.016627
4110000 0.017049
4210000 0.017457
4310000 0.017858
4410000 0.018291
4510000 0.018691
4610000 0.019058
4710000 0.019513
4810000 0.019887
4910000 0.020300
5010000 0.020697
5110000 0.021113
5210000 0.021525
5310000 0.021943
5410000 0.022315
5510000 0.022752
5610000 0.023138
5710000 0.023571
5810000 0.023950
5910000 0.024349
6010000 0.024772
6110000 0.025152
6210000 0.025588
6310000 0.025981
6410000 0.026430
6510000 0.026831
6610000 0.027248
6710000 0.027615
6810000 0.028006
6910000 0.028443
7010000 0.028817
7110000 0.029254
7210000 0.029651
7310000 0.030043
7410000 0.030455
7510000 0.030859
7610000 0.031249
7710000 0.031683
7810000 0.032082
7910000 0.032483
8010000 0.032878
8110000 0.033330
8210000 0.033697
8310000 0.034092
8410000 0.034533
8510000 0.034932
8610000 0.035356
8710000 0.035723
8810000 0.036147
8910000 0.036541
9010000 0.036976
9110000 0.037404
9210000 0.037756
9310000 0.038231
9410000 0.038581
9510000 0.039014
9610000 0.039410
9710000 0.039811
9810000 0.040248
9910000 0.040615
