10000 0.000029
110000 0.000218
210000 0.000487
310000 0.001088
410000 0.001602
510000 0.002151
610000 0.002449
710000 0.002814
810000 0.003142
910000 0.003482
1010000 0.003769
1110000 0.004123
1210000 0.004440
1310000 0.004763
1410000 0.005093
1510000 0.005417
1610000 0.005753
1710000 0.006101
1810000 0.006429
1910000 0.006722
2010000 0.007081
2110000 0.007410
2210000 0.007751
2310000 0.008085
2410000 0.008389
2510000 0.008785
2610000 0.009065
2710000 0.009406
2810000 0.009727
2910000 0.010063
3010000 0.010383
3110000 0.010723
3210000 0.011076
3310000 0.011413
3410000 0.011706
3510000 0.012063
3610000 0.012381
3710000 0.012720
3810000 0.013052
3910000 0.013392
4010000 0.013689
4110000 0.014192
4210000 0.014386
4310000 0.014691
4410000 0.015119
4510000 0.015364
4610000 0.015686
4710000 0.016041
4810000 0.016394
4910000 0.016689
5010000 0.017047
5110000 0.017377
5210000 0.017688
5310000 0.018006
5410000 0.018373
5510000 0.018681
5610000 0.019020
5710000 0.019374
5810000 0.019684
5910000 0.020018
6010000 0.020355
6110000 0.020701
6210000 0.021028
6310000 0.021334
6410000 0.021669
6510000 0.022000
6610000 0.022318
6710000 0.022655
6810000 0.023017
6910000 0.023313
7010000 0.023675
7110000 0.023975
7210000 0.024310
7310000 0.024650
7410000 0.024989
7510000 0.025314
7610000 0.025672
7710000 0.026006
7810000 0.026292
7910000 0.026632
8010000 0.026936
8110000 0.027301
8210000 0.027681
8310000 0.027993
8410000 0.028330
8510000 0.028645
8610000 0.028932
8710000 0.029255
8810000 0.029610
8910000 0.029944
9010000 0.030247
9110000 0.030637
9210000 0.030951
9310000 0.031260
9410000 0.031605
9510000 0.031956
9610000 0.032245
9710000 0.032627
9810000 0.032918
9910000 0.033587
