10000000 972
10100000 552
10200000 609
10300000 542
10400000 688
10500000 685
10600000 628
10700000 466
10800000 596
10900000 749
11000000 591
11100000 547
11200000 501
11300000 560
11400000 567
11500000 590
11600000 665
11700000 849
11800000 561
11900000 490
12000000 574
12100000 562
12200000 695
12300000 570
12400000 573
12500000 569
12600000 503
12700000 632
12800000 447
12900000 794
13000000 623
13100000 512
13200000 675
13300000 586
13400000 507
13500000 471
13600000 519
13700000 539
13800000 677
13900000 443
14000000 555
14100000 679
14200000 710
14300000 598
14400000 454
14500000 575
14600000 698
14700000 517
14800000 578
14900000 496
15000000 576
15100000 544
15200000 473
15300000 475
15400000 585
15500000 793
15600000 665
15700000 676
15800000 529
15900000 589
16000000 529
16100000 508
16200000 571
16300000 632
16400000 547
16500000 609
16600000 581
16700000 545
16800000 575
16900000 539
17000000 635
17100000 538
17200000 547
17300000 489
17400000 749
17500000 617
17600000 430
17700000 604
17800000 517
17900000 560
18000000 521
18100000 582
18200000 628
18300000 470
18400000 609
18500000 509
18600000 605
18700000 555
18800000 479
18900000 554
19000000 469
19100000 524
19200000 489
19300000 531
19400000 618
19500000 556
19600000 921
19700000 560
19800000 571
19900000 465
20000000 401
20100000 795
20200000 237
20300000 448
20400000 368
20500000 575
20600000 249
20700000 828
20800000 254
20900000 838
21000000 340
21100000 760
21200000 356
21300000 783
21400000 336
21500000 770
21600000 319
21700000 841
21800000 308
21900000 854
22000000 283
22100000 771
22200000 317
22300000 528
22400000 250
22500000 499
22600000 377
22700000 514
22800000 348
22900000 457
23000000 288
23100000 430
23200000 330
23300000 553
23400000 305
23500000 476
23600000 337
23700000 522
23800000 304
23900000 516
24000000 287
24100000 870
24200000 232
24300000 438
24400000 298
24500000 456
24600000 319
24700000 540
24800000 330
24900000 455
25000000 293
25100000 881
25200000 272
25300000 417
25400000 337
25500000 480
25600000 331
25700000 501
25800000 326
25900000 489
26000000 335
26100000 499
26200000 291
26300000 471
26400000 311
26500000 922
26600000 364
26700000 543
26800000 366
26900000 438
27000000 245
27100000 448
27200000 330
27300000 608
27400000 276
27500000 459
27600000 406
27700000 481
27800000 312
27900000 486
28000000 284
28100000 771
28200000 286
28300000 588
28400000 316
28500000 503
28600000 316
28700000 458
28800000 372
28900000 503
29000000 407
29100000 593
29200000 289
29300000 528
29400000 313
29500000 721
29600000 315
29700000 498
29800000 386
29900000 606
30000000 295
30100000 452
30200000 264
30300000 499
30400000 350
30500000 465
30600000 383
30700000 525
30800000 354
30900000 888
31000000 289
31100000 521
31200000 245
31300000 596
31400000 246
31500000 523
31600000 310
31700000 435
31800000 335
31900000 482
32000000 290
32100000 486
32200000 311
32300000 495
32400000 335
32500000 782
32600000 286
32700000 423
32800000 319
32900000 457
33000000 336
33100000 496
33200000 306
33300000 479
33400000 285
33500000 448
33600000 380
33700000 489
33800000 350
33900000 866
34000000 360
34100000 512
34200000 446
34300000 515
34400000 345
34500000 425
34600000 303
34700000 458
34800000 327
34900000 536
35000000 256
35100000 466
35200000 381
35300000 879
35400000 293
35500000 486
35600000 256
35700000 539
35800000 395
35900000 515
36000000 263
36100000 499
36200000 304
36300000 548
36400000 367
36500000 582
36600000 310
36700000 509
36800000 244
36900000 555
37000000 344
37100000 455
37200000 349
37300000 834
37400000 319
37500000 526
37600000 356
37700000 562
37800000 271
37900000 573
38000000 252
38100000 448
38200000 314
38300000 528
38400000 294
38500000 871
38600000 291
38700000 590
38800000 315
38900000 453
39000000 422
39100000 467
39200000 330
39300000 507
39400000 315
39500000 433
39600000 244
39700000 547
39800000 319
39900000 913
40000000 346
40100000 564
40200000 277
40300000 504
40400000 280
40500000 461
40600000 298
40700000 423
40800000 286
40900000 445
41000000 251
41100000 422
41200000 290
41300000 465
41400000 251
41500000 826
41600000 379
41700000 480
41800000 333
41900000 601
42000000 393
42100000 473
42200000 264
42300000 490
42400000 578
42500000 485
42600000 276
42700000 533
42800000 323
42900000 502
43000000 305
43100000 485
43200000 259
43300000 484
43400000 314
43500000 579
43600000 343
43700000 841
43800000 14455
43900000 486
44000000 402
44100000 498
44200000 375
44300000 682
44400000 380
44500000 562
44600000 312
44700000 684
44800000 326
44900000 481
45000000 327
45100000 763
45200000 293
45300000 917
45400000 356
45500000 803
45600000 401
45700000 478
45800000 281
45900000 898
46000000 688
46100000 1081
46200000 346
46300000 776
46400000 392
46500000 1136
46600000 494
46700000 1409
46800000 462
46900000 932
47000000 319
47100000 865
47200000 293
47300000 769
47400000 645
47500000 1034
47600000 404
47700000 804
47800000 337
47900000 1075
48000000 367
48100000 762
48200000 384
48300000 995
48400000 441
48500000 921
48600000 385
48700000 1258
48800000 370
48900000 772
49000000 355
49100000 1089
49200000 282
49300000 1420
49400000 380
49500000 968
49600000 434
49700000 1212
49800000 317
49900000 1192
50000000 773
50100000 956
50200000 331
50300000 971
50400000 381
50500000 1070
50600000 373
50700000 1242
50800000 380
50900000 798
51000000 515
51100000 673
51200000 398
51300000 1253
51400000 292
51500000 1098
51600000 397
51700000 947
51800000 349
51900000 726
52000000 863
52100000 690
52200000 264
52300000 609
52400000 352
52500000 529
52600000 273
52700000 490
52800000 503
52900000 1131
53000000 446
53100000 15012
53200000 408
53300000 977
53400000 361
53500000 912
53600000 502
53700000 1071
53800000 322
53900000 604
54000000 379
54100000 578
54200000 446
54300000 624
54400000 347
54500000 804
54600000 408
54700000 723
54800000 401
54900000 558
55000000 317
55100000 585
55200000 305
55300000 819
55400000 372
55500000 873
55600000 340
55700000 602
55800000 283
55900000 980
56000000 423
56100000 1300
56200000 437
56300000 969
56400000 414
56500000 863
56600000 299
56700000 736
56800000 521
56900000 925
57000000 583
57100000 656
57200000 300
57300000 843
57400000 303
57500000 934
57600000 276
57700000 736
57800000 353
57900000 1060
58000000 287
58100000 831
58200000 269
58300000 795
58400000 363
58500000 895
58600000 367
58700000 828
58800000 472
58900000 903
59000000 284
59100000 1037
59200000 287
59300000 962
59400000 328
59500000 1098
59600000 584
59700000 848
59800000 311
59900000 473
60000000 256
60100000 580
60200000 300
60300000 752
60400000 448
60500000 548
60600000 315
60700000 514
60800000 273
60900000 539
61000000 266
61100000 841
61200000 328
61300000 738
61400000 305
61500000 1078
61600000 423
61700000 644
61800000 514
61900000 801
62000000 406
62100000 726
62200000 393
62300000 767
62400000 626
62500000 1092
62600000 320
62700000 647
62800000 282
62900000 725
63000000 294
63100000 948
63200000 334
63300000 823
63400000 312
63500000 888
63600000 379
63700000 755
63800000 337
63900000 728
64000000 539
64100000 816
64200000 275
64300000 750
64400000 383
64500000 572
64600000 340
64700000 842
64800000 284
64900000 617
65000000 261
65100000 1260
65200000 279
65300000 808
65400000 304
65500000 759
65600000 499
65700000 780
65800000 306
65900000 999
66000000 330
66100000 808
66200000 993
66300000 610
66400000 420
66500000 708
66600000 278
66700000 860
66800000 292
66900000 763
67000000 297
67100000 847
67200000 351
67300000 1362
67400000 417
67500000 864
67600000 424
67700000 854
67800000 301
67900000 992
68000000 279
68100000 564
68200000 293
68300000 685
68400000 653
68500000 845
68600000 310
68700000 745
68800000 412
68900000 680
69000000 308
69100000 610
69200000 277
69300000 517
69400000 316
69500000 592
69600000 463
69700000 643
69800000 270
69900000 582
70000000 292
70100000 598
70200000 381
70300000 493
70400000 312
70500000 498
70600000 359
70700000 534
70800000 272
70900000 855
71000000 311
71100000 957
71200000 300
71300000 676
71400000 319
71500000 557
71600000 275
71700000 596
71800000 296
71900000 515
72000000 301
72100000 487
72200000 287
72300000 455
72400000 283
72500000 809
72600000 308
72700000 614
72800000 12875
72900000 522
73000000 253
73100000 576
73200000 272
73300000 438
73400000 299
73500000 459
73600000 274
73700000 504
73800000 283
73900000 606
74000000 706
74100000 544
74200000 284
74300000 525
74400000 270
74500000 529
74600000 272
74700000 501
74800000 273
74900000 437
75000000 250
75100000 536
75200000 268
75300000 477
75400000 288
75500000 584
75600000 273
75700000 424
75800000 251
75900000 503
76000000 14415
76100000 573
76200000 270
76300000 450
76400000 291
76500000 624
76600000 366
76700000 497
76800000 288
76900000 544
77000000 295
77100000 654
77200000 329
77300000 847
77400000 275
77500000 500
77600000 311
77700000 638
77800000 264
77900000 654
78000000 272
78100000 673
78200000 310
78300000 551
78400000 284
78500000 609
78600000 569
78700000 532
78800000 260
78900000 571
79000000 303
79100000 741
79200000 277
79300000 505
79400000 299
79500000 464
79600000 407
79700000 515
79800000 296
79900000 588
80000000 316
80100000 490
80200000 315
80300000 17023
80400000 277
80500000 481
80600000 299
80700000 497
80800000 298
80900000 519
81000000 317
81100000 646
81200000 313
81300000 548
81400000 322
81500000 1039
81600000 303
81700000 578
81800000 335
81900000 12652
82000000 302
82100000 518
82200000 273
82300000 675
82400000 431
82500000 601
82600000 305
82700000 546
82800000 268
82900000 483
83000000 284
83100000 629
83200000 350
83300000 511
83400000 295
83500000 551
83600000 277
83700000 614
83800000 282
83900000 581
84000000 265
84100000 448
84200000 295
84300000 539
84400000 277
84500000 496
84600000 294
84700000 497
84800000 267
84900000 571
85000000 273
85100000 540
85200000 323
85300000 12712
85400000 309
85500000 468
85600000 350
85700000 742
85800000 297
85900000 644
86000000 267
86100000 693
86200000 254
86300000 546
86400000 281
86500000 776
86600000 327
86700000 499
86800000 301
86900000 482
87000000 316
87100000 498
87200000 275
87300000 510
87400000 267
87500000 557
87600000 270
87700000 495
87800000 284
87900000 489
88000000 393
88100000 825
88200000 294
88300000 458
88400000 296
88500000 519
88600000 260
88700000 539
88800000 316
88900000 904
89000000 322
89100000 437
89200000 290
89300000 12746
89400000 269
89500000 529
89600000 295
89700000 542
89800000 251
89900000 474
90000000 252
90100000 473
90200000 291
90300000 526
90400000 250
90500000 516
90600000 259
90700000 467
90800000 364
90900000 812
91000000 244
91100000 517
91200000 267
91300000 470
91400000 273
91500000 511
91600000 290
91700000 496
91800000 290
91900000 461
92000000 291
92100000 502
92200000 314
92300000 478
92400000 268
92500000 599
92600000 258
92700000 507
92800000 315
92900000 473
93000000 325
93100000 502
93200000 268
93300000 543
93400000 258
93500000 506
93600000 337
93700000 492
93800000 252
93900000 605
94000000 287
94100000 512
94200000 280
94300000 533
94400000 259
94500000 479
94600000 308
94700000 469
94800000 301
94900000 484
95000000 294
95100000 483
95200000 288
95300000 878
95400000 273
95500000 581
95600000 697
95700000 472
95800000 310
95900000 511
96000000 256
96100000 477
96200000 278
96300000 563
96400000 346
96500000 540
96600000 261
96700000 541
96800000 267
96900000 564
97000000 650
97100000 481
97200000 303
97300000 856
97400000 279
97500000 520
97600000 277
97700000 513
97800000 299
97900000 504
98000000 294
98100000 458
98200000 291
98300000 524
98400000 287
98500000 451
98600000 274
98700000 575
98800000 255
98900000 500
99000000 257
99100000 536
99200000 317
99300000 449
99400000 291
99500000 498
99600000 268
99700000 527
99800000 315
99900000 554
100000000 581
