1000000 876
2000000 301
3000000 639
4000000 308
5000000 664
6000000 315
7000000 697
8000000 253
9000000 568
10000000 252
11000000 775
12000000 247
13000000 868
14000000 238
15000000 754
16000000 253
17000000 703
18000000 254
19000000 657
20000000 364
21000000 682
22000000 271
23000000 606
24000000 235
25000000 897
26000000 263
27000000 575
28000000 260
29000000 743
30000000 305
31000000 708
32000000 303
33000000 622
34000000 271
35000000 678
36000000 259
37000000 737
38000000 238
39000000 1019
40000000 250
41000000 662
42000000 288
43000000 657
44000000 263
45000000 657
46000000 336
47000000 667
48000000 283
49000000 669
50000000 249
51000000 870
52000000 284
53000000 733
54000000 302
55000000 627
56000000 269
57000000 806
58000000 239
59000000 613
60000000 305
61000000 555
62000000 250
63000000 703
64000000 235
65000000 981
66000000 289
67000000 710
68000000 308
69000000 713
70000000 289
71000000 621
72000000 287
73000000 643
74000000 243
75000000 687
76000000 315
77000000 910
78000000 313
79000000 632
80000000 245
81000000 641
82000000 314
83000000 633
84000000 297
85000000 670
86000000 304
87000000 634
88000000 381
89000000 629
90000000 337
91000000 914
92000000 250
93000000 720
94000000 287
95000000 719
96000000 315
97000000 707
98000000 256
99000000 705
100000000 244
