10000 0.000022
110000 0.000231
210000 0.000479
310000 0.000766
410000 0.001293
510000 0.001619
610000 0.001920
710000 0.002242
810000 0.002531
910000 0.002845
1010000 0.003149
1110000 0.003490
1210000 0.003788
1310000 0.004091
1410000 0.004397
1510000 0.004719
1610000 0.005034
1710000 0.005335
1810000 0.005674
1910000 0.005974
2010000 0.006282
2110000 0.006614
2210000 0.007284
2310000 0.007250
2410000 0.007512
2510000 0.007866
2610000 0.008261
2710000 0.008937
2810000 0.008793
2910000 0.009087
3010000 0.009759
3110000 0.010279
3210000 0.010021
3310000 0.010338
3410000 0.010566
3510000 0.010814
3610000 0.011003
3710000 0.011321
3810000 0.011542
3910000 0.011805
4010000 0.012040
4110000 0.013277
4210000 0.012826
4310000 0.013172
4410000 0.013458
4510000 0.013720
4610000 0.013799
4710000 0.014030
4810000 0.014336
4910000 0.014574
5010000 0.014736
5110000 0.015107
5210000 0.015343
5310000 0.015784
5410000 0.016163
5510000 0.016283
5610000 0.016722
5710000 0.017335
5810000 0.017840
5910000 0.018389
6010000 0.018702
6110000 0.019096
6210000 0.019473
6310000 0.019433
6410000 0.019262
6510000 0.019008
6610000 0.019181
6710000 0.019429
6810000 0.020490
6910000 0.020794
7010000 0.021402
7110000 0.021224
7210000 0.022536
7310000 0.022618
7410000 0.022084
7510000 0.021910
7610000 0.030781
7710000 0.026634
7810000 0.022752
7910000 0.024040
8010000 0.024859
8110000 0.024232
8210000 0.024763
8310000 0.026281
8410000 0.025266
8510000 0.025604
8610000 0.025753
8710000 0.026120
8810000 0.026345
8910000 0.026556
9010000 0.026945
9110000 0.028570
9210000 0.027324
9310000 0.027619
9410000 0.027457
9510000 0.027843
9610000 0.029687
9710000 0.028682
9810000 0.031764
9910000 0.029765
