10000 0.000018
110000 0.000189
210000 0.000360
310000 0.000621
410000 0.001062
510000 0.001324
610000 0.001564
710000 0.001822
810000 0.002110
910000 0.002328
1010000 0.002612
1110000 0.002857
1210000 0.003136
1310000 0.005697
1410000 0.003679
1510000 0.003862
1610000 0.004545
1710000 0.004394
1810000 0.004666
1910000 0.005507
2010000 0.005146
2110000 0.005415
2210000 0.005690
2310000 0.005948
2410000 0.006719
2510000 0.006428
2610000 0.006701
2710000 0.006924
2810000 0.007193
2910000 0.007439
3010000 0.007702
3110000 0.008634
3210000 0.008194
3310000 0.008851
3410000 0.008586
3510000 0.008780
3610000 0.009019
3710000 0.009305
3810000 0.009499
3910000 0.010310
4010000 0.009977
4110000 0.010241
4210000 0.010484
4310000 0.010692
4410000 0.010905
4510000 0.011166
4610000 0.012284
4710000 0.011668
4810000 0.011843
4910000 0.012076
5010000 0.012241
5110000 0.012500
5210000 0.012719
5310000 0.013022
5410000 0.013184
5510000 0.013285
5610000 0.014299
5710000 0.013908
5810000 0.014183
5910000 0.014454
6010000 0.014809
6110000 0.015639
6210000 0.015755
6310000 0.015622
6410000 0.016250
6510000 0.016691
6610000 0.016668
6710000 0.017249
6810000 0.017149
6910000 0.017815
7010000 0.017490
7110000 0.017325
7210000 0.018157
7310000 0.019972
7410000 0.018104
7510000 0.018693
7610000 0.018833
7710000 0.019248
7810000 0.018913
7910000 0.019460
8010000 0.020060
8110000 0.019654
8210000 0.020528
8310000 0.020574
8410000 0.020097
8510000 0.020994
8610000 0.021138
8710000 0.020970
8810000 0.021018
8910000 0.020993
9010000 0.021820
9110000 0.023034
9210000 0.022576
9310000 0.024710
9410000 0.023245
9510000 0.024309
9610000 0.023637
9710000 0.024055
9810000 0.023955
9910000 0.024113
